# device: AMD Radeon RX 7900 XTX
type         k      n ncols        us     GB/s
q5_K      5120  17408     1     92.43    662.9
q5_K      5120  17408     2     89.99    680.9
q5_K      5120  17408     4    119.64    512.2
q5_K      5120  17408     8    206.87    296.2
q5_K     17408   5120     1     84.56    724.7
q5_K     17408   5120     2     93.47    655.6
q5_K     17408   5120     4    128.90    475.4
q5_K     17408   5120     8    215.43    284.4
q5_K      5120  10240     1     52.58    685.6
q5_K      5120  10240     2     55.67    647.5
q5_K      5120  10240     4     73.92    487.6
q5_K      5120  10240     8    129.53    278.3
q5_K      5120  12288     1     63.59    680.2
q5_K      5120  12288     2     67.84    637.6
q5_K      5120  12288     4     86.60    499.5
q5_K      5120  12288     8    148.77    290.7
q5_K      5120   6144     1     34.52    626.4
q5_K      5120   6144     2     36.47    593.0
q5_K      5120   6144     4     47.95    451.0
q5_K      5120   6144     8     77.60    278.7
q5_K      6144   5120     1     32.45    666.4
q5_K      6144   5120     2     36.56    591.5
q5_K      6144   5120     4     45.32    477.2
q5_K      6144   5120     8     80.47    268.8
q5_K      5120   1024     1     10.21    353.0
q5_K      5120   1024     2     10.72    336.2
q5_K      5120   1024     4     13.68    263.4
q5_K      5120   1024     8     19.99    180.3
iq4_xs    5120  17408     1     62.20    761.3
iq4_xs    5120  17408     2     62.00    763.7
iq4_xs    5120  17408     4     67.19    704.7
iq4_xs    5120  17408     8    103.80    456.2
iq4_xs   17408   5120     1     63.64    744.0
iq4_xs   17408   5120     2     64.86    730.1
iq4_xs   17408   5120     4     72.75    650.9
iq4_xs   17408   5120     8    110.08    430.1
iq4_xs    5120  10240     1     38.54    722.8
iq4_xs    5120  10240     2     40.46    688.4
iq4_xs    5120  10240     4     43.27    643.7
iq4_xs    5120  10240     8     61.74    451.1
iq4_xs    5120  12288     1     51.18    653.0
iq4_xs    5120  12288     2     51.18    653.1
iq4_xs    5120  12288     4     48.85    684.3
iq4_xs    5120  12288     8     73.32    455.8
iq4_xs    5120   6144     1     30.17    553.8
iq4_xs    5120   6144     2     30.44    548.9
iq4_xs    5120   6144     4     29.43    567.8
iq4_xs    5120   6144     8     41.58    401.9
iq4_xs    6144   5120     1     25.70    650.3
iq4_xs    6144   5120     2     26.54    629.6
iq4_xs    6144   5120     4     28.71    582.2
iq4_xs    6144   5120     8     40.13    416.4
q4_K      5120  17408     1     65.24    768.4
q4_K      5120  17408     2     77.29    648.6
q4_K      5120  17408     4    114.92    436.3
q4_K      5120  17408     8    203.55    246.3
q4_K     17408   5120     1     69.41    722.3
q4_K     17408   5120     2     81.68    613.8
q4_K     17408   5120     4    118.62    422.6
q4_K     17408   5120     8    208.43    240.5
q4_K      5120  10240     1     43.21    682.6
q4_K      5120  10240     2     49.85    591.6
q4_K      5120  10240     4     68.85    428.4
q4_K      5120  10240     8    125.17    235.6
q4_K      5120  12288     1     53.31    663.8
q4_K      5120  12288     2     56.68    624.3
q4_K      5120  12288     4     82.87    427.1
q4_K      5120  12288     8    143.77    246.2
q4_K      5120   6144     1     30.57    578.8
q4_K      5120   6144     2     32.67    541.7
q4_K      5120   6144     4     45.49    389.0
q4_K      5120   6144     8     75.19    235.3
q4_K      6144   5120     1     27.97    632.6
q4_K      6144   5120     2     30.53    579.6
q4_K      6144   5120     4     45.46    389.2
q4_K      6144   5120     8     79.28    223.2
q4_K      5120   1024     1      9.77    301.8
q4_K      5120   1024     2     10.03    293.9
q4_K      5120   1024     4     12.87    229.2
q4_K      5120   1024     8     19.15    154.0
q6_K      5120  17408     1     97.52    749.7
q6_K      5120  17408     2    104.83    697.4
q6_K      5120  17408     4    133.23    548.8
q6_K      5120  17408     8    213.74    342.1
q6_K     17408   5120     1    102.96    710.1
q6_K     17408   5120     2    108.05    676.6
q6_K     17408   5120     4    145.53    502.4
q6_K     17408   5120     8    218.27    335.0
q6_K      5120  10240     1     58.69    732.7
q6_K      5120  10240     2     63.06    682.1
q6_K      5120  10240     4     80.75    532.6
q6_K      5120  10240     8    130.34    330.0
q6_K      6144   5120     1     37.59    686.4
q6_K      6144   5120     2     38.96    662.4
q6_K      6144   5120     4     47.61    542.0
q6_K      6144   5120     8     82.92    311.2
q6_K      5120   1024     1     10.98    391.7
q6_K      5120   1024     2     12.99    331.1
q6_K      5120   1024     4     14.88    289.1
q6_K      5120   1024     8     21.06    204.2
q6_K      5120 248320     1   1160.96    898.3
q6_K      5120 248320     2   1227.54    849.6
q6_K      5120 248320     4   1613.16    646.5
q6_K      5120 248320     8   2691.56    387.5
iq4_nl    5120  17408     1     81.19    617.5
iq4_nl    5120  17408     2     65.78    762.1
iq4_nl    5120  17408     4     74.32    674.6
iq4_nl    5120  17408     8    121.37    413.1
iq4_nl   17408   5120     1     67.88    738.6
iq4_nl   17408   5120     2     68.73    729.5
iq4_nl   17408   5120     4     78.89    635.5
iq4_nl   17408   5120     8    123.93    404.5
iq4_nl    5120  10240     1     47.30    623.4
iq4_nl    5120  10240     2     41.85    704.6
iq4_nl    5120  10240     4     47.82    616.7
iq4_nl    5120  10240     8     73.01    403.9
q8_0      6144   5120     1     44.43    752.3
q8_0      6144   5120     2     45.69    731.5
q8_0      6144   5120     4     47.46    704.2
q8_0      6144   5120     8     59.21    564.5
q8_0      5120   1024     1     12.63    440.9
q8_0      5120   1024     2     12.86    433.2
q8_0      5120   1024     4     13.75    405.1
q8_0      5120   1024     8     16.10    345.9
q8_0      5120     48     1      5.62     46.4
q8_0      5120     48     2      8.74     29.9
q8_0      5120     48     4      9.27     28.2
q8_0      5120     48     8     12.09     21.6
q3_K      5120  17408     1     58.96    649.6
q3_K      5120  17408     2     81.54    469.7
q3_K      5120  17408     4    116.36    329.1
q3_K      5120  17408     8    231.30    165.6
iq3_s    17408   5120     1     60.77    630.2
iq3_s    17408   5120     2     66.69    574.2
