type         k      n ncols        us     GB/s
q5_K      5120  17408     4     90.24    679.1
q5_K      5120  17408     8    134.43    455.8
q5_K     17408   5120     4     95.41    642.2
q5_K     17408   5120     8    135.69    451.6
q4_K      5120  17408     4     83.38    601.3
q4_K      5120  17408     8    120.76    415.2
q4_K     17408   5120     4     84.19    595.5
q4_K     17408   5120     8    117.88    425.3
q6_K      5120  17408     4    112.54    649.7
q6_K      5120  17408     8    154.91    472.0
q6_K     17408   5120     4    121.88    599.9
q6_K     17408   5120     8    158.17    462.2
q3_K      5120  17408     4    105.85    361.8
q3_K      5120  17408     8    187.90    203.8
