type         k      n ncols        us     GB/s
q5_K      5120  17408     4     93.27    657.0
q5_K      5120  17408     8    119.61    512.3
q5_K     17408   5120     4     97.74    626.9
q5_K     17408   5120     8    134.80    454.6
q4_K      5120  17408     4     80.75    620.8
q4_K      5120  17408     8    115.00    436.0
q4_K     17408   5120     4     86.17    581.8
q4_K     17408   5120     8    122.16    410.4
q6_K      5120  17408     4    109.30    668.9
q6_K      5120  17408     8    144.15    507.2
q6_K     17408   5120     4    114.18    640.4
q6_K     17408   5120     8    158.42    461.5
q3_K      5120  17408     4     93.29    410.5
q3_K      5120  17408     8    160.73    238.3
