type         k      n ncols        us     GB/s
q5_K      5120  17408     4     95.90    638.9
q5_K      5120  17408     8    126.27    485.3
q5_K     17408   5120     4     99.06    618.5
q5_K     17408   5120     8    122.54    500.1
q4_K      5120  17408     4     79.51    630.5
q4_K      5120  17408     8    114.75    436.9
q4_K     17408   5120     4     81.69    613.7
q4_K     17408   5120     8    110.30    454.5
q6_K      5120  17408     4    113.16    646.1
q6_K      5120  17408     8    138.51    527.9
q6_K     17408   5120     4    115.02    635.7
q6_K     17408   5120     8    154.59    473.0
q3_K      5120  17408     4     94.44    405.5
q3_K      5120  17408     8    170.76    224.3
