type         k      n ncols        us     GB/s
q5_K      5120  17408     4     93.04    658.6
q5_K      5120  17408     8    154.98    395.4
q5_K     17408   5120     4    102.83    595.9
q5_K     17408   5120     8    168.61    363.4
q4_K      5120  17408     4     89.22    561.9
q4_K      5120  17408     8    155.48    322.4
q4_K     17408   5120     4     96.65    518.7
q4_K     17408   5120     8    168.76    297.1
q6_K      5120  17408     4    120.88    604.8
q6_K      5120  17408     8    173.82    420.6
q6_K     17408   5120     4    121.12    603.6
q6_K     17408   5120     8    184.29    396.7
q3_K      5120  17408     4    104.41    366.8
q3_K      5120  17408     8    231.34    165.5
