type         k      n ncols        us     GB/s
q5_K      5120  17408     1     82.60    741.8
q5_K      5120  17408     2     85.92    713.1
q5_K      5120  17408     4     88.72    690.7
q5_K      5120  17408     8    122.11    501.8
q5_K     17408   5120     1     83.75    731.7
q5_K     17408   5120     2     92.51    662.4
q5_K     17408   5120     4     94.44    648.8
q5_K     17408   5120     8    130.24    470.5
q4_K      5120  17408     1     65.65    763.7
q4_K      5120  17408     2     71.54    700.8
q4_K      5120  17408     4     76.14    658.5
q4_K      5120  17408     8    110.92    452.0
q4_K     17408   5120     1     68.02    737.1
q4_K     17408   5120     2     75.62    663.0
q4_K     17408   5120     4     83.04    603.7
q4_K     17408   5120     8    115.82    432.9
q6_K      5120  17408     1    100.29    729.0
q6_K      5120  17408     2    104.81    697.6
q6_K      5120  17408     4    105.97    690.0
q6_K      5120  17408     8    145.10    503.9
q6_K     17408   5120     1    103.57    705.9
q6_K     17408   5120     2    105.72    691.6
q6_K     17408   5120     4    113.78    642.6
q6_K     17408   5120     8    150.77    484.9
q3_K      5120  17408     1     56.42    678.8
q3_K      5120  17408     2     68.18    561.7
q3_K      5120  17408     4     96.48    396.9
q3_K      5120  17408     8    170.79    224.2
