type         k      n ncols        us     GB/s
q5_K      5120  17408     1     85.27    718.6
q5_K      5120  17408     2     87.17    703.0
q5_K      5120  17408     4     91.25    671.5
q5_K      5120  17408     8    133.23    459.9
q5_K     17408   5120     1     85.68    715.2
q5_K     17408   5120     2     89.44    685.1
q5_K     17408   5120     4     98.56    621.7
q5_K     17408   5120     8    138.73    441.7
iq4_xs    5120  17408     1     60.82    778.6
iq4_xs    5120  17408     2     64.54    733.7
iq4_xs    5120  17408     4     67.26    704.0
iq4_xs    5120  17408     8     86.88    545.0
iq4_xs   17408   5120     1     63.15    749.8
iq4_xs   17408   5120     2     65.58    722.1
iq4_xs   17408   5120     4     68.29    693.3
iq4_xs   17408   5120     8     95.66    495.0
q4_K      5120  17408     1     67.73    740.3
q4_K      5120  17408     2     71.97    696.6
q4_K      5120  17408     4     80.51    622.7
q4_K      5120  17408     8    127.30    393.8
q4_K     17408   5120     1     67.57    741.9
q4_K     17408   5120     2     76.79    652.9
q4_K     17408   5120     4     85.78    584.5
q4_K     17408   5120     8    136.84    366.4
q6_K      5120  17408     1    100.43    728.0
q6_K      5120  17408     2    104.84    697.4
q6_K      5120  17408     4    106.62    685.7
q6_K      5120  17408     8    144.25    506.9
q6_K     17408   5120     1    103.27    708.0
q6_K     17408   5120     2    105.89    690.5
q6_K     17408   5120     4    114.77    637.0
q6_K     17408   5120     8    153.34    476.8
iq4_nl    5120  17408     1     79.52    630.5
iq4_nl    5120  17408     2     67.65    741.1
iq4_nl    5120  17408     4     72.73    689.3
iq4_nl    5120  17408     8     88.57    566.1
iq4_nl   17408   5120     1     65.58    764.5
iq4_nl   17408   5120     2     69.41    722.3
iq4_nl   17408   5120     4     79.30    632.2
iq4_nl   17408   5120     8     91.81    546.1
q8_0      6144   5120     1     44.14    757.2
q8_0      6144   5120     2     46.31    721.7
q8_0      6144   5120     4     48.02    696.0
q8_0      6144   5120     8     52.33    638.7
q8_0      5120   1024     1     12.67    439.5
q8_0      5120   1024     2     13.33    417.8
q8_0      5120   1024     4     14.36    388.0
q8_0      5120   1024     8     16.70    333.6
q3_K      5120  17408     1     56.15    682.0
q3_K      5120  17408     2     64.53    593.5
q3_K      5120  17408     4     95.93    399.2
q3_K      5120  17408     8    168.26    227.6
iq3_s    17408   5120     1     60.33    634.8
iq3_s    17408   5120     2     64.66    592.3
iq3_s    17408   5120     4     80.72    474.5
iq3_s    17408   5120     8    112.73    339.7
