type         k      n ncols        us     GB/s
q5_K      5120  17408     1     83.95    729.9
q5_K     17408   5120     1     86.38    709.4
iq4_xs    5120  17408     1     62.01    763.6
iq4_xs   17408   5120     1     61.78    766.4
q4_K      5120  17408     1     64.81    773.6
q4_K     17408   5120     1     68.89    727.8
q6_K      5120  17408     1     99.90    731.9
q6_K     17408   5120     1    104.10    702.3
iq4_nl    5120  17408     1     81.85    612.6
iq4_nl   17408   5120     1     65.57    764.6
q8_0      6144   5120     1     44.38    753.0
q8_0      5120   1024     1     12.66    439.9
q3_K      5120  17408     1     54.77    699.3
iq3_s    17408   5120     1     61.48    623.0
