type         k      n ncols        us     GB/s
q5_K      5120  17408     5     90.71    675.5
q5_K      5120  17408     7    102.87    595.6
q5_K     17408   5120     5    100.18    611.6
q5_K     17408   5120     7    106.66    574.5
iq4_xs    5120  17408     5     69.18    684.4
iq4_xs    5120  17408     7     81.15    583.5
iq4_xs   17408   5120     5     71.76    659.8
iq4_xs   17408   5120     7     91.50    517.5
q4_K      5120  17408     5     78.69    637.1
q4_K      5120  17408     7     93.22    537.8
q4_K     17408   5120     5     80.64    621.7
q4_K     17408   5120     7    106.25    471.9
q6_K      5120  17408     5    104.56    699.3
q6_K      5120  17408     7    117.23    623.7
q6_K     17408   5120     5    106.27    688.0
q6_K     17408   5120     7    123.56    591.7
iq4_nl    5120  17408     5     74.72    671.0
iq4_nl    5120  17408     7     84.29    594.8
iq4_nl   17408   5120     5     82.15    610.3
iq4_nl   17408   5120     7     90.73    552.6
q8_0      6144   5120     5     48.58    688.0
q8_0      6144   5120     7     51.02    655.1
q8_0      5120   1024     5     14.82    375.8
q8_0      5120   1024     7     15.91    350.2
q3_K      5120  17408     5    117.62    325.6
q3_K      5120  17408     7    149.48    256.2
iq3_s    17408   5120     5     87.91    435.6
iq3_s    17408   5120     7    112.06    341.8
