type         k      n ncols        us     GB/s
q5_K      5120  17408     2     86.01    712.4
q5_K      5120  17408     4     89.90    681.6
q5_K      5120  17408     8    115.84    529.0
q5_K     17408   5120     2     88.93    689.0
q5_K     17408   5120     4     98.13    624.5
q5_K     17408   5120     8    131.14    467.3
q4_K      5120  17408     2     70.69    709.2
q4_K      5120  17408     4     81.80    612.9
q4_K      5120  17408     8    110.59    453.3
q4_K     17408   5120     2     73.61    681.1
q4_K     17408   5120     4     87.21    574.9
q4_K     17408   5120     8    121.18    413.7
q6_K      5120  17408     2    103.55    706.1
q6_K      5120  17408     4    107.26    681.6
q6_K      5120  17408     8    146.01    500.7
q6_K     17408   5120     2    105.87    690.6
q6_K     17408   5120     4    114.79    636.9
q6_K     17408   5120     8    160.37    455.9
q3_K      5120  17408     2     67.10    570.8
q3_K      5120  17408     4     95.65    400.4
q3_K      5120  17408     8    163.17    234.7
