type         k      n ncols        us     GB/s
q5_K      5120  17408     2     85.26    718.7
q5_K      5120  17408     4     92.07    665.5
q5_K      5120  17408     8    105.81    579.1
q5_K     17408   5120     2     89.19    687.0
q5_K     17408   5120     4     98.26    623.6
q5_K     17408   5120     8    109.30    560.6
q4_K      5120  17408     2     68.54    731.5
q4_K      5120  17408     4     81.44    615.6
q4_K      5120  17408     8     90.03    556.8
q4_K     17408   5120     2     66.24    756.9
q4_K     17408   5120     4     78.94    635.1
q4_K     17408   5120     8     90.48    554.1
q6_K      5120  17408     2    103.30    707.8
q6_K      5120  17408     4    106.20    688.4
q6_K      5120  17408     8    138.02    529.7
q6_K     17408   5120     2    105.73    691.5
q6_K     17408   5120     4    113.95    641.6
q6_K     17408   5120     8    164.94    443.3
q3_K      5120  17408     2     65.99    580.3
q3_K      5120  17408     4    100.40    381.5
q3_K      5120  17408     8    162.25    236.0
