type         k      n ncols        us     GB/s
q5_K      5120  17408     4    181.01    338.5
q5_K      5120  17408     8    205.24    298.6
q5_K     17408   5120     4    114.46    535.3
q5_K     17408   5120     8    210.17    291.6
q5_K      5120  10240     4     80.39    448.4
q5_K      5120  10240     8    126.28    285.4
q5_K      5120  12288     4     89.73    482.1
q5_K      5120  12288     8    144.51    299.3
q5_K      5120   6144     4     48.23    448.4
q5_K      5120   6144     8     78.00    277.3
q5_K      6144   5120     4     46.77    462.4
q5_K      6144   5120     8     79.37    272.5
q5_K      5120   1024     4     13.39    269.2
q5_K      5120   1024     8     19.74    182.6
q4_K      5120  17408     4    112.87    444.2
q4_K      5120  17408     8    196.29    255.4
q4_K     17408   5120     4    117.42    427.0
q4_K     17408   5120     8    212.32    236.1
q4_K      5120  10240     4     75.10    392.7
q4_K      5120  10240     8    127.21    231.8
q4_K      5120  12288     4     99.01    357.4
q4_K      5120  12288     8    141.78    249.6
q4_K      5120   6144     4     46.08    384.0
q4_K      5120   6144     8     73.81    239.7
q4_K      6144   5120     4     46.09    383.9
q4_K      6144   5120     8     79.66    222.1
q4_K      5120   1024     4     13.06    225.8
q4_K      5120   1024     8     19.48    151.4
q6_K      5120  17408     4    118.99    614.4
q6_K      5120  17408     8    215.37    339.5
q6_K     17408   5120     4    119.66    611.0
q6_K     17408   5120     8    219.40    333.2
q6_K      5120  10240     4     71.15    604.4
q6_K      5120  10240     8    130.70    329.0
q6_K      6144   5120     4     46.14    559.3
q6_K      6144   5120     8     78.32    329.5
q6_K      5120   1024     4     14.56    295.3
q6_K      5120   1024     8     20.51    209.7
q6_K      5120 248320     4   1578.89    660.6
q6_K      5120 248320     8   2676.63    389.6
q3_K      5120  17408     4    113.64    337.0
q3_K      5120  17408     8    234.39    163.4
