type         k      n ncols        us     GB/s
q5_K      5120  17408     4    167.12    366.7
q5_K      5120  17408     8    168.93    362.7
q5_K     17408   5120     4    109.16    561.4
q5_K     17408   5120     8    180.43    339.6
q5_K      5120  10240     4     65.62    549.3
q5_K      5120  10240     8    106.84    337.4
q5_K      5120  12288     4     78.04    554.3
q5_K      5120  12288     8    124.54    347.3
q5_K      5120   6144     4     40.67    531.8
q5_K      5120   6144     8     64.87    333.4
q5_K      6144   5120     4     41.12    526.0
q5_K      6144   5120     8     68.93    313.8
q5_K      5120   1024     4     14.67    245.6
q5_K      5120   1024     8     21.45    168.0
q4_K      5120  17408     4    102.68    488.3
q4_K      5120  17408     8    166.37    301.4
q4_K     17408   5120     4    106.63    470.2
q4_K     17408   5120     8    173.17    289.5
q4_K      5120  10240     4     60.24    489.6
q4_K      5120  10240     8    102.54    287.6
q4_K      5120  12288     4     68.88    513.7
q4_K      5120  12288     8    122.04    290.0
q4_K      5120   6144     4     38.14    463.9
q4_K      5120   6144     8     62.55    282.9
q4_K      6144   5120     4     39.29    450.4
q4_K      6144   5120     8     65.58    269.8
q4_K      5120   1024     4     14.32    206.0
q4_K      5120   1024     8     20.87    141.3
q6_K      5120  17408     4    110.47    661.8
q6_K      5120  17408     8    172.76    423.2
q6_K     17408   5120     4    126.10    579.8
q6_K     17408   5120     8    194.40    376.1
q6_K      5120  10240     4     66.05    651.2
q6_K      5120  10240     8    108.48    396.5
q6_K      6144   5120     4     43.83    588.7
q6_K      6144   5120     8     68.59    376.2
q6_K      5120   1024     4     15.58    276.0
q6_K      5120   1024     8     22.29    192.9
q6_K      5120 248320     4   1313.33    794.1
q6_K      5120 248320     8   2221.50    469.5
q3_K      5120  17408     4     93.49    409.6
q3_K      5120  17408     8    165.96    230.8
