type         k      n ncols        us     GB/s
q5_K      5120  17408     4    182.84    335.1
q5_K      5120  17408     8    201.95    303.4
q5_K     17408   5120     4    120.28    509.4
q5_K     17408   5120     8    201.00    304.9
q5_K      5120  10240     4     76.84    469.1
q5_K      5120  10240     8    128.14    281.3
q5_K      5120  12288     4     91.14    474.6
q5_K      5120  12288     8    149.16    290.0
q5_K      5120   6144     4     45.71    473.1
q5_K      5120   6144     8     79.69    271.4
q5_K      6144   5120     4     49.22    439.4
q5_K      6144   5120     8     81.02    266.9
q5_K      5120   1024     4     12.66    284.7
q5_K      5120   1024     8     18.63    193.5
q4_K      5120  17408     4    115.02    435.9
q4_K      5120  17408     8    200.10    250.5
q4_K     17408   5120     4    117.47    426.8
q4_K     17408   5120     8    199.00    251.9
q4_K      5120  10240     4     71.28    413.8
q4_K      5120  10240     8    123.56    238.7
q4_K      5120  12288     4     83.70    422.8
q4_K      5120  12288     8    145.05    244.0
q4_K      5120   6144     4     43.67    405.2
q4_K      5120   6144     8     77.26    229.0
q4_K      6144   5120     4     43.12    410.3
q4_K      6144   5120     8     77.23    229.1
q4_K      5120   1024     4     12.29    240.0
q4_K      5120   1024     8     18.59    158.7
q6_K      5120  17408     4    123.09    594.0
q6_K      5120  17408     8    216.09    338.3
q6_K     17408   5120     4    132.65    551.2
q6_K     17408   5120     8    206.69    353.7
q6_K      5120  10240     4     74.68    575.9
q6_K      5120  10240     8    125.65    342.3
q6_K      6144   5120     4     47.59    542.3
q6_K      6144   5120     8     78.95    326.8
q6_K      5120   1024     4     12.99    331.0
q6_K      5120   1024     8     18.98    226.6
q6_K      5120 248320     4   1628.99    640.2
q6_K      5120 248320     8   2769.66    376.6
q3_K      5120  17408     4    111.01    345.0
q3_K      5120  17408     8    332.57    115.2
