type         k      n ncols        us     GB/s
q5_K      5120  17408     4    166.53    368.0
q5_K      5120  17408     8    173.76    352.7
q5_K     17408   5120     4    102.93    595.3
q5_K     17408   5120     8    173.68    352.8
q5_K      5120  10240     4     69.45    519.0
q5_K      5120  10240     8    108.69    331.6
q5_K      5120  12288     4     83.34    519.0
q5_K      5120  12288     8    129.75    333.4
q5_K      5120   6144     4     41.05    526.9
q5_K      5120   6144     8     68.80    314.3
q5_K      6144   5120     4     41.54    520.6
q5_K      6144   5120     8     67.84    318.8
q5_K      5120   1024     4     12.85    280.4
q5_K      5120   1024     8     18.33    196.7
q4_K      5120  17408     4    101.30    494.9
q4_K      5120  17408     8    167.02    300.2
q4_K     17408   5120     4    104.48    479.8
q4_K     17408   5120     8    167.56    299.2
q4_K      5120  10240     4     59.57    495.1
q4_K      5120  10240     8    108.68    271.4
q4_K      5120  12288     4     74.13    477.4
q4_K      5120  12288     8    125.72    281.5
q4_K      5120   6144     4     38.24    462.8
q4_K      5120   6144     8     66.40    266.5
q4_K      6144   5120     4     37.66    469.8
q4_K      6144   5120     8     63.79    277.4
q4_K      5120   1024     4     12.50    235.9
q4_K      5120   1024     8     18.03    163.5
q6_K      5120  17408     4    116.98    625.0
q6_K      5120  17408     8    177.08    412.9
q6_K     17408   5120     4    121.95    599.5
q6_K     17408   5120     8    182.32    401.0
q6_K      5120  10240     4     63.17    680.8
q6_K      5120  10240     8    109.47    392.9
q6_K      6144   5120     4     41.91    615.7
q6_K      6144   5120     8     70.76    364.7
q6_K      5120   1024     4     13.11    328.0
q6_K      5120   1024     8     18.65    230.6
q6_K      5120 248320     4   1390.40    750.1
q6_K      5120 248320     8   2304.22    452.6
q3_K      5120  17408     4     99.20    386.1
q3_K      5120  17408     8    189.52    202.1
