type         k      n ncols        us     GB/s
q5_K      5120  17408     4    194.09    315.7
q5_K      5120  17408     8    208.23    294.3
q5_K     17408   5120     4    109.95    557.3
q5_K     17408   5120     8    193.70    316.3
q5_K      5120  10240     4     70.20    513.5
q5_K      5120  10240     8    130.03    277.2
q5_K      5120  12288     4     96.97    446.1
q5_K      5120  12288     8    152.24    284.1
q5_K      5120   6144     4     46.64    463.7
q5_K      5120   6144     8     79.45    272.2
q5_K      6144   5120     4     39.94    541.5
q5_K      6144   5120     8     68.82    314.2
q5_K      5120   1024     4     13.55    266.0
q5_K      5120   1024     8     19.42    185.6
q4_K      5120  17408     4    120.23    417.0
q4_K      5120  17408     8    204.15    245.6
q4_K     17408   5120     4    100.39    499.4
q4_K     17408   5120     8    175.95    284.9
q4_K      5120  10240     4     71.95    409.9
q4_K      5120  10240     8    124.55    236.8
q4_K      5120  12288     4     85.43    414.2
q4_K      5120  12288     8    146.37    241.8
q4_K      5120   6144     4     45.10    392.3
q4_K      5120   6144     8     77.96    227.0
q4_K      6144   5120     4     41.23    429.1
q4_K      6144   5120     8     66.46    266.2
q4_K      5120   1024     4     12.96    227.6
q4_K      5120   1024     8     19.20    153.6
q6_K      5120  17408     4    112.63    649.1
q6_K      5120  17408     8    207.67    352.1
q6_K     17408   5120     4    113.55    643.9
q6_K     17408   5120     8    186.35    392.3
q6_K      5120  10240     4     68.01    632.4
q6_K      5120  10240     8    120.41    357.2
q6_K      6144   5120     4     42.73    604.0
q6_K      6144   5120     8     68.77    375.2
q6_K      5120   1024     4     12.34    348.6
q6_K      5120   1024     8     17.68    243.3
q6_K      5120 248320     4   1463.42    712.7
q6_K      5120 248320     8   2419.24    431.1
q3_K      5120  17408     4    118.62    322.9
q3_K      5120  17408     8    271.85    140.9
