type         k      n ncols        us     GB/s
q5_K      5120  17408     4    218.21    280.8
q5_K      5120  17408     8    245.19    249.9
q5_K     17408   5120     4    126.55    484.2
q5_K     17408   5120     8    215.92    283.8
q5_K      5120  10240     4     91.36    394.5
q5_K      5120  10240     8    146.14    246.6
q5_K      5120  12288     4    104.63    413.4
q5_K      5120  12288     8    175.82    246.0
q5_K      5120   6144     4     54.58    396.2
q5_K      5120   6144     8     91.54    236.2
q5_K      6144   5120     4     50.19    430.9
q5_K      6144   5120     8     82.10    263.4
q5_K      5120   1024     4     13.87    259.9
q5_K      5120   1024     8     20.82    173.1
q4_K      5120  17408     4    133.05    376.8
q4_K      5120  17408     8    241.41    207.7
q4_K     17408   5120     4    118.65    422.5
q4_K     17408   5120     8    208.93    240.0
q4_K      5120  10240     4     86.59    340.6
q4_K      5120  10240     8    146.52    201.3
q4_K      5120  12288     4     98.49    359.3
q4_K      5120  12288     8    173.12    204.4
q4_K      5120   6144     4     51.33    344.7
q4_K      5120   6144     8     92.08    192.2
q4_K      6144   5120     4     44.52    397.5
q4_K      6144   5120     8     79.48    222.6
q4_K      5120   1024     4     13.45    219.2
q4_K      5120   1024     8     20.57    143.4
q6_K      5120  17408     4    137.43    532.0
q6_K      5120  17408     8    224.04    326.3
q6_K     17408   5120     4    133.13    549.2
q6_K     17408   5120     8    211.59    345.5
q6_K      5120  10240     4     80.41    534.9
q6_K      5120  10240     8    130.21    330.3
q6_K      6144   5120     4     45.11    572.0
q6_K      6144   5120     8     80.58    320.3
q6_K      5120   1024     4     13.20    325.9
q6_K      5120   1024     8     18.65    230.6
q6_K      5120 248320     4   1748.44    596.5
q6_K      5120 248320     8   2935.77    355.3
q3_K      5120  17408     4    128.57    297.9
q3_K      5120  17408     8    417.60     91.7
