type         k      n ncols        us     GB/s
q5_K      5120  17408     4     91.82    667.3
q5_K      5120  17408     8    125.26    489.2
q5_K     17408   5120     4     99.53    615.7
q5_K     17408   5120     8    135.93    450.8
iq4_xs    5120  17408     4     67.54    701.1
iq4_xs    5120  17408     8     81.42    581.5
iq4_xs   17408   5120     4     67.68    699.6
iq4_xs   17408   5120     8     85.63    552.9
q4_K      5120  17408     4     79.89    627.6
q4_K      5120  17408     8    113.80    440.6
q4_K     17408   5120     4     86.04    582.7
q4_K     17408   5120     8    128.62    389.8
q6_K      5120  17408     4    110.27    663.0
q6_K      5120  17408     8    134.78    542.4
q6_K     17408   5120     4    113.95    641.6
q6_K     17408   5120     8    153.76    475.5
iq4_nl    5120  17408     4     75.87    660.8
iq4_nl    5120  17408     8     83.26    602.1
iq4_nl   17408   5120     4     79.50    630.6
iq4_nl   17408   5120     8     89.66    559.2
q8_0      6144   5120     4     48.24    692.8
q8_0      6144   5120     8     52.89    632.0
q8_0      5120   1024     4     15.68    355.4
q8_0      5120   1024     8     18.60    299.4
q3_K      5120  17408     4     94.40    405.7
q3_K      5120  17408     8    162.23    236.1
iq3_s    17408   5120     4     87.19    439.2
iq3_s    17408   5120     8    105.38    363.4
