type         k      n ncols        us     GB/s
q5_K      5120  17408     4     91.67    668.5
q5_K      5120  17408     8    175.46    349.2
q5_K     17408   5120     4     97.98    625.4
q5_K     17408   5120     8    163.64    374.5
iq4_xs    5120  17408     4     67.02    706.5
iq4_xs    5120  17408     8    104.08    454.9
iq4_xs   17408   5120     4     68.19    694.4
iq4_xs   17408   5120     8    127.64    371.0
q4_K      5120  17408     4     79.40    631.4
q4_K      5120  17408     8    132.91    377.2
q4_K     17408   5120     4     87.03    576.0
q4_K     17408   5120     8    143.17    350.2
q6_K      5120  17408     4    109.92    665.2
q6_K      5120  17408     8    136.75    534.7
q6_K     17408   5120     4    113.73    642.9
q6_K     17408   5120     8    158.74    460.6
iq4_nl    5120  17408     4     76.12    658.6
iq4_nl    5120  17408     8     88.26    568.0
iq4_nl   17408   5120     4     77.76    644.8
iq4_nl   17408   5120     8     91.62    547.2
q8_0      6144   5120     4     48.24    692.9
q8_0      6144   5120     8     55.25    605.0
q8_0      5120   1024     4     15.71    354.7
q8_0      5120   1024     8     23.77    234.4
q3_K      5120  17408     4     94.15    406.8
q3_K      5120  17408     8    183.54    208.7
iq3_s    17408   5120     4     87.69    436.7
iq3_s    17408   5120     8    211.34    181.2
