type         k      n ncols        us     GB/s
q5_K      5120  17408     4     93.12    658.0
q5_K      5120  17408     8    133.90    457.6
q5_K     17408   5120     4     97.99    625.3
q5_K     17408   5120     8    139.70    438.6
iq4_xs    5120  17408     4     65.99    717.5
iq4_xs    5120  17408     8     83.33    568.2
iq4_xs   17408   5120     4     66.71    709.8
iq4_xs   17408   5120     8     87.42    541.6
q4_K      5120  17408     4     85.55    586.0
q4_K      5120  17408     8    119.75    418.7
q4_K     17408   5120     4     91.02    550.8
q4_K     17408   5120     8    130.07    385.5
q6_K      5120  17408     4    112.62    649.2
q6_K      5120  17408     8    141.25    517.6
q6_K     17408   5120     4    115.01    635.7
q6_K     17408   5120     8    162.91    448.8
iq4_nl    5120  17408     4     72.36    692.8
iq4_nl    5120  17408     8     87.63    572.1
iq4_nl   17408   5120     4     79.61    629.8
iq4_nl   17408   5120     8     93.32    537.3
q8_0      6144   5120     4     47.67    701.2
q8_0      6144   5120     8     52.99    630.7
q8_0      5120   1024     4     14.34    388.4
q8_0      5120   1024     8     18.47    301.6
q3_K      5120  17408     4     99.62    384.4
q3_K      5120  17408     8    161.90    236.6
iq3_s    17408   5120     4     81.82    468.1
iq3_s    17408   5120     8    105.68    362.4
