type         k      n ncols        us     GB/s
q5_K      5120  17408     4     94.42    648.9
q5_K      5120  17408     8    175.83    348.5
q5_K     17408   5120     4    104.62    585.7
q5_K     17408   5120     8    166.42    368.2
iq4_xs    5120  17408     4     68.71    689.1
iq4_xs    5120  17408     8    104.89    451.4
iq4_xs   17408   5120     4     67.02    706.5
iq4_xs   17408   5120     8    127.71    370.8
q4_K      5120  17408     4     87.09    575.7
q4_K      5120  17408     8    140.78    356.1
q4_K     17408   5120     4     91.18    549.8
q4_K     17408   5120     8    143.83    348.6
q6_K      5120  17408     4    113.13    646.3
q6_K      5120  17408     8    147.16    496.8
q6_K     17408   5120     4    118.58    616.6
q6_K     17408   5120     8    159.38    458.7
iq4_nl    5120  17408     4     73.27    684.3
iq4_nl    5120  17408     8     89.40    560.8
iq4_nl   17408   5120     4     80.12    625.7
iq4_nl   17408   5120     8     92.98    539.2
q8_0      6144   5120     4     47.79    699.4
q8_0      6144   5120     8     55.13    606.2
q8_0      5120   1024     4     14.32    388.9
q8_0      5120   1024     8     23.78    234.2
q3_K      5120  17408     4     99.86    383.5
q3_K      5120  17408     8    185.01    207.0
iq3_s    17408   5120     4     83.14    460.6
iq3_s    17408   5120     8    212.67    180.1
