type         k      n ncols        us     GB/s
iq2_xxs   5120  17408     1     48.44    474.4
iq2_xxs   5120  17408     4     62.52    367.5
iq2_xxs   5120  17408     8     88.17    260.6
iq2_xxs  17408   5120     1     49.57    463.6
iq2_xxs  17408   5120     4     67.48    340.5
iq2_xxs  17408   5120     8     91.50    251.1
iq3_s     5120  17408     1     61.08    627.0
iq3_s     5120  17408     4     76.44    501.0
iq3_s     5120  17408     8     99.14    386.3
iq3_s    17408   5120     1     64.83    590.7
iq3_s    17408   5120     4     79.52    481.6
iq3_s    17408   5120     8    106.78    358.6
q2_K      5120  17408     1     51.93    563.2
q2_K      5120  17408     4     58.75    497.8
q2_K      5120  17408     8    146.94    199.0
q2_K     17408   5120     1     52.88    553.0
q2_K     17408   5120     4     60.47    483.7
q2_K     17408   5120     8    145.38    201.2
iq2_s     5120  17408     1     55.97    510.1
iq2_s     5120  17408     4     71.31    400.4
iq2_s     5120  17408     8     93.28    306.1
iq2_s    17408   5120     1     57.02    500.7
iq2_s    17408   5120     4     75.73    377.0
iq2_s    17408   5120     8     97.50    292.8
iq2_xs    5120  17408     1     53.65    480.2
iq2_xs    5120  17408     4     63.71    404.4
iq2_xs    5120  17408     8     91.29    282.2
iq2_xs   17408   5120     1     51.53    500.0
iq2_xs   17408   5120     4     68.88    374.0
iq2_xs   17408   5120     8    102.15    252.2
iq1_m     5120  17408     1     41.62    468.4
iq1_m     5120  17408     4     58.61    332.6
iq1_m     5120  17408     8     87.94    221.7
iq1_m    17408   5120     1     43.91    444.0
iq1_m    17408   5120     4     60.37    322.9
iq1_m    17408   5120     8     90.56    215.3
iq3_xxs   5120  17408     1     54.62    624.7
iq3_xxs   5120  17408     4     69.08    493.9
iq3_xxs   5120  17408     8     92.82    367.6
iq3_xxs  17408   5120     1     56.39    605.1
iq3_xxs  17408   5120     4     72.83    468.5
iq3_xxs  17408   5120     8    101.60    335.8
iq1_s     5120  17408     1     35.29    493.2
iq1_s     5120  17408     4     47.39    367.3
iq1_s     5120  17408     8     72.06    241.6
iq1_s    17408   5120     1     36.29    479.7
iq1_s    17408   5120     4     48.68    357.6
iq1_s    17408   5120     8     78.34    222.2
