type         k      n ncols        us     GB/s
iq2_xxs   5120  17408     1     49.26    466.5
iq2_xxs   5120  17408     4     69.96    328.5
iq2_xxs   5120  17408     8    103.19    222.7
iq2_xxs  17408   5120     1     49.84    461.1
iq2_xxs  17408   5120     4     76.19    301.6
iq2_xxs  17408   5120     8    116.91    196.5
iq2_xxs   5120  10240     1     31.29    432.0
iq2_xxs   5120  10240     4     43.78    308.8
iq2_xxs   5120  10240     8     65.07    207.7
iq3_s     5120  17408     1     62.11    616.6
iq3_s     5120  17408     4     81.92    467.5
iq3_s     5120  17408     8    104.24    367.4
iq3_s    17408   5120     1     66.07    579.7
iq3_s    17408   5120     4     81.34    470.9
iq3_s    17408   5120     8    108.17    354.1
iq3_s     5120  10240     1     38.57    584.1
iq3_s     5120  10240     4     48.68    462.8
iq3_s     5120  10240     8     65.40    344.4
q2_K      5120  17408     1     51.22    571.0
q2_K      5120  17408     4    120.55    242.6
q2_K      5120  17408     8    221.50    132.0
q2_K     17408   5120     1     54.08    540.8
q2_K     17408   5120     4    125.96    232.2
q2_K     17408   5120     8    232.01    126.1
iq2_s     5120  17408     1     55.64    513.1
iq2_s     5120  17408     4     83.50    341.9
iq2_s     5120  17408     8    119.58    238.7
iq2_s    17408   5120     1     56.56    504.7
iq2_s    17408   5120     4     87.40    326.7
iq2_s    17408   5120     8    125.81    226.9
iq2_xs    5120  17408     1     51.77    497.7
iq2_xs    5120  17408     4     79.02    326.0
iq2_xs    5120  17408     8    114.14    225.7
iq2_xs   17408   5120     1     51.16    503.6
iq2_xs   17408   5120     4     83.14    309.9
iq2_xs   17408   5120     8    121.07    212.8
iq1_m     5120  17408     1     41.74    467.1
iq1_m     5120  17408     4     59.78    326.1
iq1_m     5120  17408     8     92.73    210.3
iq1_m    17408   5120     1     44.02    442.9
iq1_m    17408   5120     4     63.02    309.4
iq1_m    17408   5120     8     94.09    207.2
iq3_xxs   5120  17408     1     55.05    619.8
iq3_xxs   5120  17408     4     73.76    462.6
iq3_xxs   5120  17408     8    108.34    314.9
iq3_xxs  17408   5120     1     57.35    594.9
iq3_xxs  17408   5120     4     77.95    437.7
iq3_xxs  17408   5120     8    121.77    280.2
iq1_s     5120  17408     1     35.44    491.1
iq1_s     5120  17408     4     46.98    370.5
iq1_s     5120  17408     8     65.62    265.3
iq1_s    17408   5120     1     35.99    483.7
iq1_s    17408   5120     4     49.42    352.3
iq1_s    17408   5120     8     76.44    227.7
