# device: AMD Radeon RX 7900 XTX (RADV NAVI31)
q5_K      5120  17408     1     97.11    631.0
q5_K      5120  17408     2     96.37    635.8
q5_K      5120  17408     4    105.88    578.8
q5_K      5120  17408     5    103.85    590.0
q5_K      5120  17408     8    110.29    555.6
q5_K     17408   5120     1     88.82    689.9
q5_K     17408   5120     2     93.13    657.9
q5_K     17408   5120     4    102.57    597.4
q5_K     17408   5120     5    104.07    588.8
q5_K     17408   5120     8    116.97    523.9
iq4_xs    5120  17408     1   1726.97     27.4
iq4_xs    5120  17408     2   1740.50     27.2
iq4_xs    5120  17408     4   1736.66     27.3
iq4_xs    5120  17408     5   1876.76     25.2
iq4_xs    5120  17408     8   1873.91     25.3
iq4_xs   17408   5120     1   1750.39     27.1
iq4_xs   17408   5120     2   1752.35     27.0
iq4_xs   17408   5120     4   1765.09     26.8
iq4_xs   17408   5120     5   1862.19     25.4
iq4_xs   17408   5120     8   1970.34     24.0
q4_K      5120  17408     1   1843.98     27.2
q4_K      5120  17408     2   1845.86     27.2
q4_K      5120  17408     4   1862.85     26.9
q4_K      5120  17408     5    120.22    417.0
q4_K      5120  17408     8   1953.21     25.7
q4_K     17408   5120     1   1844.08     27.2
q4_K     17408   5120     2     79.41    631.4
q4_K     17408   5120     4    102.99    486.8
q4_K     17408   5120     5    107.83    464.9
q4_K     17408   5120     8    151.95    329.9
q6_K      5120  17408     1    107.62    679.4
q6_K      5120  17408     2    116.26    628.9
q6_K      5120  17408     4    136.31    536.4
q6_K      5120  17408     5    146.68    498.5
q6_K      5120  17408     8    195.91    373.2
q6_K     17408   5120     1    102.24    715.2
q6_K     17408   5120     2    100.24    729.4
q6_K     17408   5120     4    124.97    585.0
q6_K     17408   5120     5    139.35    524.7
q6_K     17408   5120     8    204.52    357.5
